0.00971031 2.08271
30.9748 25.7931
13.6441 3.11266
0.0360659 13.3989
24.9028 23.7184
5.27575 24.741
11.5522 26.8285
9.45094 29.9035
18.8112 23.7253
27.943 17.5166
22.8652 18.5465
9.47081 26.8172
13.6462 27.8699
3.19008 8.26804
1.05683 12.3739
13.6699 3.10601
15.736 2.07132
6.32688 13.4149
0.0300758 26.8152
26.9308 8.24088
8.41901 25.7961
12.63 20.6332
27.9317 27.8581
12.6074 2.07132
21.8547 2.07699
14.7312 14.4314
6.32278 20.6408
14.7281 16.5098
0.0487137 4.13055
24.8954 11.3454
3.16715 5.17173
12.5943 4.14301
23.8887 8.25383
19.8238 6.20855
9.45844 18.5676
9.45768 30.9366
13.6815 11.3345
23.8766 30.9616
3.15078 27.8611
25.9115 1.04768
6.30319 31.9729
10.5228 6.19172
0.00396061 4.15018
0.0320425 19.5882
13.6663 26.8172
4.24071 30.9563
0.0125096 29.9133
24.9019 5.15219
3.17222 24.7567
3.18634 18.5584
14.7307 28.8704
14.6847 19.5985
19.8221 16.5068
18.8179 20.6371
3.1693 22.6824
7.36102 9.27133
11.584 11.3464
0.019093 9.27116
31.9879 11.3608
17.795 2.08389
1.07323 26.8362
4.22564 20.6159
0.0241747 6.18225
9.43911 5.17202
1.07714 0.0138042
8.43433 7.22008
2.1107 1.05971
1.08304 9.28757
13.6632 8.25195
9.45591 28.8745
6.29665 2.07006
19.8347 4.14219
6.30033 30.9648
30.9734 1.03027
13.6496 29.922
1.05538 7.21232
0.0154728 22.6859
0.000118732 11.335
6.32188 19.6077
1.08166 21.6446
12.6318 24.7712
10.5312 26.8193
14.6911 7.21986
13.6827 25.7801
13.676 17.5398
10.4896 11.3568
24.8931 4.14387
6.31472 26.8253
14.7175 26.8336
1.07007 25.7819
2.10555 2.08891
20.8474 17.5254
15.7698 26.8271
2.12005 0.0270011
4.23009 4.12407
9.45608 6.19448
20.8419 23.7383
7.38085 9.29462
2.13948 16.4997
13.6465 14.4304
5.27666 17.5249
6.3061 7.23207
1.07388 2.06884
14.7188 30.959
10.4979 1.03943
10.522 28.8792
6.33743 13.4007
3.14821 1.05706
10.5046 0.0255476
1.07228 19.5861
2.13781 20.6155
13.6494 30.9557
11.5426 14.4305
11.5528 19.5865
2.13853 8.24736
0.0142086 19.601
3.18448 13.3925
15.7317 14.441
15.7447 19.5901
1.0631 25.7927
17.8058 25.8021
22.864 23.7357
8.39103 19.5827
2.1232 26.8098
2.10546 25.8004
25.9114 30.9355
11.5806 20.6225
19.8232 5.16006
5.27055 11.3493
7.35742 26.813
13.6728 25.7811
8.41949 17.5339
11.5585 14.4375
5.29256 12.3879
4.20914 9.2739
16.7841 15.4717
1.09748 28.8877
6.31083 9.28939
12.6074 16.4939
13.6826 12.387
13.6757 20.6129
12.5906 4.14587
6.30813 9.27663
30.9764 3.11588
2.10655 5.1588
10.4918 15.461
6.30958 17.5378
3.16644 25.799
12.5923 13.4167
3.18782 24.7726
6.30753 4.14298
28.9566 21.648
15.7403 21.6501
5.26069 5.17935
2.11892 4.13735
24.9016 3.11878
11.5697 28.8839
9.46163 10.3231
15.7513 31.9704
22.873 5.15904
12.6066 30.9519
21.8617 31.9961
6.34111 6.20185
0.0256679 20.6323
13.6598 3.09378
14.7304 5.15176
13.6545 27.8656
20.8455 19.6077
10.4908 6.19228
23.8821 27.8387
19.8258 30.9385
31.9951 19.5932
4.20395 5.15808
0.012253 24.763
12.604 29.9277
3.16671 9.29625
1.07545 23.7133
15.7382 19.5917
21.8516 9.2938
2.13025 11.3412
13.6749 23.7289
3.15725 14.4402
23.8893 11.3518
8.39317 28.8765
4.2326 21.6554
0.0268489 10.3202
25.9139 21.6612
8.42185 28.8707
24.9035 27.8666
15.7507 1.03608
11.5502 18.5536
5.27187 29.9075
9.47364 19.5839
9.48367 11.3465
12.5972 7.21866
3.16496 0.00239801
3.18623 5.16595
17.8046 4.14595
13.6425 30.9649
6.29532 1.05742
3.14874 19.5969
21.8607 8.242
20.8378 21.6672
15.7746 2.06703
2.10079 10.3227
14.7302 20.6122
13.6678 17.5394
14.7167 8.24762
12.6074 23.7123
0.00115323 10.3122
10.5075 21.6621
15.7788 18.5695
7.34404 19.6023
8.39764 24.769
12.5962 30.9448
11.5816 31.9754
12.6312 18.5659
3.14803 26.8081
10.5017 19.5965
15.7722 5.1589
6.30915 11.3514
12.6116 2.06269
14.7126 18.5488
9.45772 19.5823
15.7728 10.3017
17.8022 29.9033
0.0322952 3.10493
7.35319 26.8282
13.6685 10.3297
9.43918 20.6284
11.569 30.9554
21.861 18.5776
5.27058 24.743
1.07121 23.7391
13.651 11.3446
14.6832 27.8508
3.15574 11.349
30.9858 31.9783
2.11455 9.29406
14.7129 8.25786
23.8791 10.3128
19.8244 8.24161
9.43994 4.14103
8.43837 2.07268
2.13109 18.5594
14.6851 22.6791
9.48064 3.09213
10.4884 7.23135
25.9103 23.7402
16.7833 21.6607
1.09147 11.3376
0.0178088 23.7089
8.40006 24.7496
15.7414 19.6069
17.8053 13.3919
15.7789 4.14737
10.5333 28.8731
7.38838 15.4569
0.036123 7.22616
27.9323 5.17316
1.07566 19.5868
9.44226 7.21143
0.00772524 30.9421
13.6597 18.5664
9.43939 9.29972
9.48174 21.6556
14.6948 27.8451
13.6682 13.417
4.20535 4.146
3.1854 31.9906
8.40116 17.5195
9.47544 0.00229359
4.22235 31.9871
1.06255 2.07775
21.8508 2.07799
1.07162 4.13913
9.46649 5.15557
11.544 9.27659
7.38371 11.343
3.17102 27.841
12.6229 12.3666
4.2023 23.7094
24.9033 20.6323
30.9846 6.19016
17.8033 13.3964
13.644 28.8908
5.28939 26.8092
0.0214902 9.2932
27.937 31.9868
26.9289 17.5454
14.6996 24.75
8.43836 8.26305
15.7676 14.4219
8.42376 11.3575
25.9095 0.0136172
18.8153 4.14298
15.7434 23.7124
13.6804 26.827
3.15708 4.12809
28.9557 14.4444
1.06041 19.5811
11.5434 20.6356
6.3404 19.6006
9.45383 14.4487
5.26605 2.07015
24.8992 8.25444
28.9512 13.404
1.05419 22.6944
27.9387 13.4057
1.09646 29.9303
6.31797 22.7038
2.11406 20.6412
11.584 7.23081
4.2339 5.16836
8.42781 30.951
10.4996 30.9433
15.7321 22.6966
12.5857 14.4478
13.6799 5.15191
13.6357 13.4169
8.43394 19.602
21.8599 30.9642
4.20361 19.5805
1.07873 9.28573
5.25527 4.1223
11.5707 25.7937
2.11742 6.19067
7.34789 26.8183
15.7671 14.4228
0.00339508 22.6771
10.4996 17.5317
8.43436 29.9269
8.40527 26.823
6.31253 15.4579
15.747 1.05694
10.4971 0.0152723
20.8465 6.19862
13.6655 25.7824
18.8203 28.8766
11.5559 22.7054
10.5024 16.5098
15.7603 3.10619
11.5734 22.6969
11.5476 22.7009
11.5403 16.4997
24.8953 31.9908
9.44423 18.5694
6.33426 26.8329
1.05278 2.07654
0.0208938 11.3486
30.9731 20.6349
9.47993 3.09757
27.9359 22.6952
8.43038 0.00227416
9.46616 2.06271
14.6886 26.8332
4.20139 16.4936
2.13724 30.9397
13.6801 9.27974
15.7405 18.5675
22.8726 22.6766
9.48042 27.8443
7.36809 9.27534
11.5781 0.0102966
1.06705 9.29347
25.9055 10.3259
14.7294 9.29287
9.46492 3.10891
14.7094 18.5696
15.7656 22.7045
6.32132 0.0164386
30.9803 12.3721
6.29714 21.6722
5.28911 11.3343
15.7411 25.7762
6.30605 17.5278
8.4276 24.7699
5.25284 19.5985
9.46247 21.6719
8.40434 5.15609
25.9128 31.9975
15.7676 29.9085
7.38331 30.948
16.7874 15.4571
16.7873 3.11124
29.9633 20.6316
9.44744 1.03432
12.5877 28.8914
8.4186 7.22777
16.7875 21.6609
9.48769 26.8234
11.5652 9.30002
2.13407 1.05616
12.5892 16.5012
1.0946 13.4192
14.6974 8.24876
14.6855 28.8723
1.07767 6.19475
8.41232 8.27012
9.48022 19.5913
1.08434 10.3071
8.40252 2.06417
3.15904 7.21153
12.6007 23.7199
9.47119 23.7202
0.0150616 2.06573
14.7239 6.20578
11.5656 20.6361
1.06954 11.3487
9.48475 22.6917
8.40051 10.3078
10.506 9.27985
1.08955 15.461
0.0357267 31.9926
3.18913 16.5092
7.37895 6.19096
31.9938 13.4041
20.8379 12.3631
6.33189 17.5462
14.7106 11.3498
25.9087 2.08003
6.29319 17.5267
11.5508 9.28215
20.8396 22.6974
9.46582 8.2587
2.14359 30.9579
24.9034 7.22769
15.7754 24.7695
6.32765 24.7585
6.30414 10.3291
4.20149 29.9223
11.5731 15.4718
10.5187 23.7321
0.0317425 12.3825
14.6885 17.5259
6.31222 17.5347
6.34036 28.8969
6.2957 1.04785
15.7405 25.7869
22.8692 26.8094
12.6095 23.7382
8.42549 10.3057
8.40101 21.6751
23.8824 1.03168
10.5141 14.4412
23.8885 27.8609
15.7533 31.9883
15.74 3.113
23.8788 14.4334
15.7531 10.3087
18.8139 4.13365
15.7425 27.8598
16.7941 20.6138
29.9667 24.7515
18.821 19.5874
7.36846 9.27139
10.5163 21.6445
13.6494 5.15085
22.8657 25.788
18.8111 22.6872
13.6615 2.0899
15.7319 21.6646
0.0299916 30.9401
4.21167 21.6504
6.32081 30.9638
7.35657 23.7102
11.5675 5.1528
27.9406 28.8945
13.6534 20.6128
11.542 9.29404
0.0275009 17.5395
12.5908 2.08958
8.42809 19.5987
9.44373 15.4533
6.30631 14.4336
21.8512 3.11149
19.8241 2.08503
14.6963 16.4835
25.9117 21.6717
1.07325 31.9906
10.5033 31.9697
11.5422 23.7252
4.19888 24.7684
1.07404 8.25564
13.6412 6.20157
7.38556 21.6701
7.34256 19.5975
15.7416 18.5637
22.8669 26.8288
30.9786 27.8565
22.8685 7.23494
12.6108 29.9179
2.1329 12.3667
11.5525 4.14736
23.8845 18.567
6.32885 27.8487
6.30115 2.08225
26.9181 23.7162
14.7112 18.5782
2.11902 5.16256
22.867 27.8477
4.23264 22.6792
1.04928 0.0100924
10.5331 16.4888
20.845 21.665
6.32131 31.9948
12.5943 30.9529
4.1994 4.1236
7.36013 25.8035
24.8939 23.7273
18.8083 11.3416
28.9562 31.9844
18.8095 21.6514
12.5971 23.7176
14.7001 5.15542
16.7828 15.4767
6.3112 31.9977
29.9705 2.08994
0.00518239 16.4891
9.45495 14.4236
8.39928 23.7266
4.2045 30.9528
15.7528 19.5891
2.09905 27.8548
27.9326 22.7006
14.6917 7.22815
9.47541 20.6273
3.17513 18.5773
10.4989 8.24775
15.7619 17.5335
10.4937 4.14504
5.26758 2.06159
15.7401 29.9221
16.7813 31.9992
4.24352 10.3022
12.6134 31.9851
5.27582 24.7591
10.5254 30.9597
13.6803 1.03613
28.9578 30.9593
14.7113 2.08747
16.7936 27.8422
14.7281 3.11827
6.30718 13.3991
1.07266 9.28051
8.4066 30.9495
20.8467 31.9949
31.9869 29.9246
28.9462 4.12658
5.27628 5.16051
1.05571 4.13096
23.8872 25.8013
14.6951 20.6425
15.777 28.8957
6.33795 10.3304
11.5498 1.04722
10.5327 27.8454
16.7857 25.7794
22.8726 19.5915
12.6295 27.862
3.18415 24.7579
1.0744 25.7952
14.7238 5.15581
14.7067 21.6677
4.21701 25.7795
24.8927 7.23893
11.5784 1.037
10.4938 17.5161
11.5684 12.3653
1.05521 6.18244
6.34079 28.8742
2.1074 14.4501
23.8821 26.8215
28.9565 28.8745
3.17852 18.5509
7.37569 5.15398
20.8466 13.3944
10.5193 10.3075
14.729 14.4217
21.8564 5.16688
28.9583 27.8655
23.8851 4.14072
8.42888 27.8543
4.20939 31.98
4.19604 9.27412
30.9788 3.09911
3.18003 18.5563
16.7882 14.4376
5.25014 1.05842
1.06004 5.16398
6.29567 19.6056
12.6265 0.0157319
13.6422 22.6924
21.859 29.9221
15.7707 20.6275
13.6685 30.9612
17.7969 28.8844
4.2149 21.6673
1.09206 12.3636
13.6807 2.06799
12.6077 13.4111
12.5971 12.3835
6.29466 7.22885
13.6349 4.1332
15.7524 22.7068
20.8428 14.4432
27.9449 23.717
16.7841 10.3149
3.17006 25.7957
4.21067 6.18958
11.5839 26.8355
6.33665 1.04675
11.581 6.18765
8.4204 18.5728
12.6246 2.0777
16.7869 27.867
5.28552 5.17393
0.0195172 17.544
23.8895 1.03303
14.716 16.5112
8.42641 24.7529
13.6482 23.7234
1.06074 0.000267267
4.24002 23.7173
9.45013 20.6242
3.157 15.4641
7.38445 7.23024
14.696 11.3472
6.32459 11.3394
13.6461 9.27446
29.9671 15.4776
14.6902 6.19125
1.08718 26.8347
12.6292 7.23123
22.8677 20.6256
10.5093 19.6047
4.22772 4.14698
10.4989 24.7533
12.6338 14.4212
5.2837 9.28353
12.6337 25.8001
23.8769 27.8637
23.8879 12.3832
2.12188 29.9069
2.11428 21.6621
2.10313 25.7959
15.7627 17.5386
12.6029 20.6428
4.19995 5.17762
10.4903 28.8715
0.00199938 11.3512
15.7532 17.5417
14.6908 6.19975
22.8684 11.3474
19.8332 22.6926
13.6728 3.1034
5.27651 20.6172
2.12287 17.5388
5.24977 24.7505
2.14456 12.3659
11.5431 16.5119
14.6887 24.7639
3.17549 24.7646
22.8675 19.5841
3.168 19.5803
7.35866 6.19047
3.18674 18.5533
12.611 9.29825
0.0232046 5.16937
15.7522 27.8695
11.5377 29.9131
3.18698 18.5732
2.13862 15.46
1.06629 25.7979
2.10312 18.5731
15.7637 24.7499
12.6263 19.5831
28.956 16.5098
15.7784 17.523
2.10781 18.5702
15.7687 30.9619
30.9816 27.8399
20.8408 27.8409
25.9073 9.27847
12.6043 29.9214
1.09349 10.3227
9.45753 28.894
28.9454 28.8929
1.06264 14.4266
6.29611 31.9789
22.8745 28.8922
0.00103271 10.3072
5.24589 25.7837
10.533 13.4027
24.8932 13.404
14.7161 4.14616
4.20264 20.633
13.6805 27.8674
3.1709 6.19056
3.15319 28.8971
9.48604 18.5697
17.8046 4.13502
9.44324 12.3718
20.8361 22.6936
8.43523 0.0029676
3.18449 3.11326
15.7649 4.14359
23.88 10.3147
13.6359 5.16389
1.06402 27.8614
6.31867 17.5295
26.9263 2.0628
5.24853 19.5848
4.20038 20.6336
7.35758 24.7459
12.6328 19.5898
28.9454 8.26641
11.543 1.03262
4.23048 19.5814
0.0453233 24.75
13.6403 11.3583
3.1771 21.6735
17.7985 19.593
1.0838 6.18859
12.6286 17.5305
29.9697 1.0473
8.40537 15.4598
8.40029 1.03347
12.6106 23.713
9.45651 14.4425
11.5477 29.9028
8.39821 30.94
5.25917 17.5369
0.00797474 17.5335
4.22326 22.6854
11.55 29.9327
4.22973 14.443
0.0370418 10.3196
6.32941 28.8914
0.00106859 14.4442
4.23475 8.26723
5.25698 0.0227311
13.6612 23.7103
5.25158 31.9968
11.5806 8.25634
29.971 7.24007
17.7958 2.07445
12.6216 30.9355
10.5209 13.419
19.8285 18.5643
11.5766 16.4897
22.8675 20.6305
6.34034 19.6072
2.11087 16.4829
10.4924 26.8126
12.5921 8.27056
12.5911 28.894
0.0388001 28.8994
20.8477 18.5745
13.6467 2.06472
10.5106 6.20282
28.954 5.16514
25.913 29.9097
1.07917 19.5798
2.1343 21.6488
29.9691 24.7585
8.42983 13.4145
8.42046 18.5716
12.5898 2.08571
5.24791 24.7643
11.5622 25.7893
3.162 29.9246
7.35892 18.5751
13.6533 16.4916
8.43176 11.3317
10.518 14.432
2.09761 30.943
7.34605 9.28482
7.3436 5.15748
25.9161 0.00823247
12.5994 31.9739
9.45342 31.9939
15.7387 17.5196
5.28777 17.5244
18.8087 30.9513
11.5453 19.6034
0.0409434 25.7779
12.5912 15.4537
6.31857 0.0267618
7.34573 26.8241
30.974 10.3224
22.8744 0.000852942
8.41982 2.08191
15.7718 8.26043
23.8889 6.18882
6.31966 24.7533
10.4988 14.4494
7.3848 5.15186
21.8569 26.8211
6.30959 21.6574
17.7954 18.5542
14.6919 27.8629
10.5229 2.08693
29.9721 21.6679
11.5397 21.6504
15.763 11.3454
4.22698 9.29618
13.6346 3.10091
15.759 30.9553
0.00141919 7.22918
14.6987 30.9504
7.38566 11.3552
9.44252 8.24175
14.726 11.3425
15.7651 9.28898
6.33704 11.3358
9.48573 15.4792
9.45143 20.6332
14.7204 14.4301
2.12472 18.5546
7.35164 18.5555
15.7484 20.6194
8.43134 11.3382
7.3583 2.08698
12.6158 2.08882
31.9895 25.8048
5.26449 12.3737
31.9947 11.359
10.496 17.5426
9.47816 15.4516
8.39283 14.4404
5.29243 25.78
13.6788 0.0170625
8.4044 1.05781
5.27966 9.29132
10.5036 5.16772
12.6338 24.7583
21.8506 2.08415
6.31483 24.7583
8.3932 26.8287
3.18254 23.7326
21.8613 31.9961
4.20477 22.68
6.31108 28.8891
15.7425 26.8253
12.596 27.8454
12.5984 5.16022
1.09599 17.5302
9.47487 12.378
10.5065 10.3215
10.497 1.04213
12.594 2.08596
30.9848 0.0139275
29.9713 6.19745
7.382 19.5799
6.33673 15.4647
12.6166 10.3161
0.00461352 6.20906
6.30921 11.3377
2.13192 24.7664
0.0408331 25.803
19.8258 2.07142
24.8997 7.23775
0.0450331 12.3653
10.4887 29.932
29.963 3.10981
7.36611 28.8973
2.12012 24.7634
12.5924 21.6605
21.8594 20.6161
0.0250782 19.5879
9.47234 5.16111
2.10494 30.9657
2.13447 29.9071
12.5862 8.24395
14.7096 19.5993
21.85 23.7363
13.6749 20.6403
3.18202 15.452
4.22539 23.7121
1.08821 19.6082
22.8726 18.5623
2.10643 17.5445
9.4692 10.3299
8.40509 0.0234727
14.7155 30.9597
15.7505 10.3103
16.7816 30.9362
10.5214 19.6049
11.5421 28.9005
9.47447 27.8604
15.7333 31.9683
4.21309 10.3085
4.21814 7.22276
6.30209 17.5329
14.7144 5.1514
13.6428 14.4457
9.43936 18.5646
10.4886 2.06671
29.9715 6.19025
12.6085 24.7607
22.8765 26.8319
9.46985 3.11538
7.38418 1.03224
1.08368 21.6593
12.6207 28.8954
15.736 25.7782
11.5731 29.9107
3.15063 24.7562
2.12901 8.25025
26.9232 8.26666
12.6135 8.25993
26.9294 9.27342
1.08365 20.6229
2.13944 29.9173
15.7579 28.8733
9.44459 30.9446
9.48677 5.16245
21.8597 20.6216
13.6384 1.04965
25.9127 31.972
21.8604 20.6343
23.881 18.5741
0.0419706 23.7254
2.11293 1.04469
8.41976 1.04275
11.544 9.27733
21.8563 23.7254
10.4949 28.8824
3.18493 4.14355
29.9659 29.9091
14.7265 1.03425
9.47934 11.3592
0.0383195 12.373
11.5548 20.6208
3.17399 25.7876
4.23224 12.3613
13.639 5.17947
5.27084 12.3801
3.14936 10.3056
10.5334 22.6759
14.7197 5.17443
20.8482 20.6298
27.9318 19.611
11.5594 5.16717
2.13694 11.3319
6.29323 1.05281
29.9646 9.27563
15.7722 22.7002
2.12675 14.4422
11.5496 23.7137
3.15168 20.6257
29.9602 19.5859
6.31404 23.7374
26.9309 4.14794
7.36924 17.5213
10.5198 24.755
6.34103 3.10705
13.6807 1.03484
3.1595 19.5938
4.21611 26.833
6.33081 31.9799
14.719 17.5148
2.1211 14.4505
22.8677 5.15475
12.6036 24.7676
6.32839 2.07671
15.7462 28.8972
9.44439 30.9572
5.25373 6.20144
8.42286 10.3083
13.6741 2.08695
4.22905 28.8804
28.9572 17.5278
6.33572 11.3578
3.1557 10.3264
12.6307 4.12483
7.37424 24.75
11.5675 22.6937
10.5337 21.6732
17.8022 10.3275
4.24316 20.642
20.8486 22.6973
7.36697 3.0935
31.9924 18.5511
31.9965 23.7347
7.38893 15.4758
10.4965 8.24741
11.5768 18.5652
31.9956 25.7995
20.8425 3.11399
6.33659 27.8547
5.29135 24.7455
27.9427 21.6749
4.23604 16.5101
7.37535 30.9461
21.8588 28.8761
10.5193 17.5405
2.12218 22.6808
0.00937533 4.14933
10.5113 15.4532
20.8408 16.495
17.7957 30.9574
5.28345 23.7252
2.1266 0.00276649
28.9533 16.4929
12.6025 15.4755
6.29845 8.25116
12.6206 23.7385
8.42842 9.27392
14.7124 8.25479
12.6207 16.5114
15.7373 23.72
5.27038 16.513
2.12608 27.8533
15.7759 31.9908
15.7523 24.7556
5.24988 24.7512
9.44836 27.8437
5.24492 8.25429
12.6241 28.8819
0.0016582 25.7998
9.48298 28.8804
3.17872 2.08905
11.5808 22.7004
27.9327 9.28716
20.8418 3.10919
12.5927 26.8212
12.5944 13.4083
9.45193 24.7542
10.5212 13.4202
15.7386 0.00209343
0.00367916 0.015589
3.14901 20.6343
21.8543 25.7771
8.40049 13.4094
5.26724 27.8411
21.8539 25.7745
6.33752 10.3094
12.5921 12.3659
18.817 26.8253
4.21303 5.15525
9.44954 6.19714
8.39295 23.7165
3.17232 18.5616
9.48125 15.4787
11.5414 27.8614
1.05495 27.8494
22.869 3.11051
0.0458417 28.8923
26.9276 27.8415
21.8621 16.5135
14.7127 9.2987
7.34604 20.6345
14.6971 0.0217918
12.6316 13.4069
6.33684 5.16494
7.35808 0.027712
11.5717 0.00383544
22.873 24.7527
11.5819 30.9495
0.000195503 0.0179523
27.9333 25.7853
15.7715 0.00912654
10.524 27.8678
31.9962 30.9453
11.5399 16.5071
12.625 4.12263
6.30988 27.8668
11.5409 5.16476
7.36428 25.7904
12.6022 1.04006
14.7013 8.267
23.89 26.828
11.5505 10.301
5.29074 21.6496
31.9956 16.4817
23.8776 24.7496
6.33795 21.6527
15.7483 15.4554
12.6267 25.8019
6.33987 1.03212
12.5876 19.5999
25.9113 2.08495
2.12352 24.7553
5.28617 23.7101
5.28239 20.6217
1.08472 24.7484
14.6964 19.5958
9.46094 4.13776
8.41809 18.5784
10.5307 20.6351
15.7695 22.705
27.9422 19.6102
7.38048 4.12424
18.8122 28.8828
16.7829 2.08704
3.18826 11.3558
14.6908 3.11903
10.498 30.9652
8.42749 11.3499
11.5848 21.668
5.25008 0.000131965
6.32366 15.4729
15.7625 7.22775
10.4985 13.3983
24.8967 4.14972
6.3077 18.5557
12.5872 15.4673
20.8373 29.9295
1.05912 17.5219
5.27944 9.28253
1.07031 23.7347
8.39267 21.6612
3.15781 23.7197
27.9343 6.18162
6.31571 16.4904
12.5898 30.9632
11.5708 16.5101
1.08205 25.7882
13.6772 23.7381
8.43498 8.26665
9.45264 4.146
8.43251 22.6856
14.6957 19.5998
15.7486 18.5594
9.47198 17.5249
13.6804 29.9136
15.7425 19.5804
8.42079 9.27806
15.748 1.05001
3.19277 26.8244
13.6475 7.22838
14.6998 18.5563
5.25858 6.20647
14.6879 21.6658
30.9778 8.24908
11.5418 31.9724
3.18375 16.4815
6.34097 23.7174
9.47684 30.9555
11.5395 12.3895
28.9541 20.6158
29.9669 31.9745
8.42361 4.14482
11.5734 28.897
13.6609 26.8377
6.33878 13.3919
31.9863 29.9157
0.00432229 12.3771
2.11314 7.21807
9.44251 4.14733
20.8439 24.7452
2.10284 0.0283152
0.0433335 24.7456
1.07474 7.22197
12.5861 25.7788
0.0429244 10.3225
3.18766 20.6126
6.29949 27.8699
22.8729 29.9249
10.5031 17.5207
2.14597 3.09246
2.14022 27.8537
13.655 22.7076
28.9559 21.6637
20.8456 26.8068
1.08861 13.4004
9.44122 23.7131
15.7393 30.9403
18.8123 19.5804
15.7748 19.5979
20.8469 30.9517
10.5276 17.5325
9.47367 29.9123
21.8519 2.07154
15.7486 19.6037
7.37069 7.23527
4.19868 1.05145
8.42545 28.8792
5.26457 6.20166
6.3279 27.8631
13.6406 19.6106
10.5192 29.9166
4.23736 12.3706
3.15245 24.7685
6.3238 6.19669
5.25381 27.8583
14.6863 6.19031
8.4177 31.9848
7.36544 4.14289
29.9681 30.9478
2.12387 15.4767
5.26995 15.4535
3.1718 21.6535
10.5328 6.18394
8.4055 24.7723
8.42772 24.7576
10.4912 30.9437
27.944 21.6521
9.48287 27.8514
16.7841 4.13074
11.5396 6.19446
30.9786 0.0203409
7.35733 11.3605
0.0120502 4.14306
5.25195 1.04209
15.7793 2.06194
0.02891 25.8038
7.38011 4.15026
6.33816 6.2022
2.12052 21.6469
20.8413 0.0248867
14.7028 2.07529
15.7396 19.5792
15.7651 20.6346
10.5357 3.11349
8.40522 16.4921
12.6014 7.22023
31.9952 28.8805
9.47313 24.7577
12.6057 5.15125
4.22774 23.7233
18.8081 18.5509
0.0455807 19.5787
4.20366 25.7844
26.9206 10.3081
15.7742 24.7503
27.9335 0.00667918
14.7306 5.15844
1.07487 2.06376
0.015323 26.8362
7.37448 29.9033
12.5871 18.5751
1.09339 15.4702
21.852 21.6462
6.32513 6.20039
6.33531 24.7641
4.20327 29.9131
10.5355 26.8104
13.6745 24.7633
11.582 23.7111
9.45532 9.28549
15.7574 22.6979
18.8203 26.809
18.8188 10.3031
15.7721 11.3422
4.22481 15.4625
8.43832 10.3292
4.23606 15.464
12.5897 29.9188
20.8416 27.845
12.6201 11.351
9.48259 17.5224
5.26411 19.5866
12.6278 19.5891
4.22975 24.7646
4.23699 4.12304
18.8166 11.3478
13.6685 8.25415
5.25079 1.05425
5.26536 14.4367
12.6276 13.3972
12.6221 11.3392
6.3161 11.3583
11.5767 27.8442
28.9532 16.4951
14.6833 26.8119
17.8024 29.9174
27.9385 25.7763
24.8987 18.5764
18.8103 16.4869
7.38213 27.8389
29.9662 13.3996
14.7041 26.8237
8.41408 19.5979
13.6586 12.3777
8.40591 6.20127
18.8113 16.4912
16.7898 22.6787
6.31568 30.9597
1.05211 3.10444
14.7193 18.5617
25.909 27.8495
10.5217 0.025685
3.17682 1.05418
26.9306 19.5889
10.5122 20.6405
14.7291 11.3404
10.4993 21.6716
9.48422 30.9533
4.20912 10.304
14.7199 3.09902
12.5907 5.16446
26.9259 13.4154
12.6302 31.9766
13.6615 22.7012
0.0226171 27.8675
3.18839 25.7995
2.11867 31.9702
19.8238 28.8834
3.15154 12.3894
5.25428 3.09613
11.5459 12.3639
20.8436 19.5912
7.35456 31.9877
0.0313408 31.9834
13.6391 6.19617
13.6389 18.5722
15.7587 18.5784
7.35921 25.801
15.7659 7.21469
7.38846 29.9287
11.5631 16.5049
29.9723 10.3274
10.4918 13.3995
12.6235 27.861
5.26552 23.729
3.15357 28.8757
11.5844 3.1009
2.11787 27.8615
22.8633 5.15849
21.8552 2.07964
19.8249 31.9771
11.5709 27.8549
16.781 18.5572
29.9653 30.9589
9.46146 29.9072
14.6934 22.7028
25.9048 8.27045
8.40994 29.9061
20.8398 19.6016
29.9625 24.7642
7.374 0.0139831
18.8169 11.3513
30.9737 16.491
14.6993 8.26424
25.9164 27.8687
15.7697 26.8334
27.9371 7.2367
12.6076 24.7706
30.9851 5.16826
8.40453 15.4719
22.8752 22.6956
13.6428 19.5834
17.8067 9.28944
8.40298 15.4669
6.31427 2.07071
6.29719 6.18572
18.8214 8.2449
12.5955 20.6194
11.5849 26.8365
14.6871 1.05719
13.6772 30.9603
19.83 28.9021
11.5469 9.29193
9.44096 12.3879
1.06085 12.3867
11.5769 4.13933
5.2778 17.5246
28.9517 31.9775
10.5003 14.4217
9.48772 22.7024
0.0125083 9.27477
20.8386 19.5932
3.18548 7.21764
6.33738 29.9186
26.9312 15.4537
4.23293 31.9844
1.06478 3.09742
15.7338 17.5172
20.8402 6.19365
12.5911 0.0109274
12.6078 31.9967
13.673 19.585
14.6888 0.004107
29.9688 19.5917
11.5838 23.7269
11.5461 21.6611
8.42537 31.9913
6.32064 27.8484
25.9076 22.6927
0.0111789 9.29934
26.9205 17.5232
17.7979 1.05326
28.9568 15.468
9.47022 9.27833
10.5075 29.9101
6.32919 3.0995
10.5039 22.6921
5.24738 0.018285
15.7351 1.04169
6.30001 22.7031
12.6226 22.681
13.657 30.9496
0.0216136 27.8633
12.5931 8.26386
0.0198281 2.08606
7.38374 10.3087
1.07417 4.13309
5.26269 9.27155
3.18096 29.9146
13.6709 17.5417
6.29532 16.4904
11.5373 11.3402
25.9146 26.8278
18.817 12.3811
15.7518 19.5811
3.17909 6.18561
21.851 5.1607
9.45837 1.05822
1.08637 28.8944
4.22726 16.5068
2.10145 21.6732
5.26222 17.5335
5.25571 21.6442
16.7869 30.9504
11.5494 28.8842
6.32177 0.0228249
26.9256 24.7695
8.42557 7.22425
14.7183 24.7451
9.47873 16.5118
6.30741 13.4183
19.8263 15.4576
5.25014 23.7214
3.18228 1.05262
0.00163674 26.8213
28.9535 31.9685
14.72 31.9872
9.44055 28.8935
9.45172 25.7938
10.5312 30.9526
17.7978 1.05544
4.21836 30.9421
16.7921 6.19934
15.7422 22.682
10.5035 0.00220358
8.41284 10.3148
6.29592 16.5044
15.7729 10.3175
6.32661 21.6525
8.41894 1.05295
13.6632 13.4157
5.27365 25.7734
3.19361 10.3186
9.44877 0.00258875
11.5428 8.25769
11.5808 8.24405
0.042761 29.9221
13.666 19.6051
5.27367 16.5122
1.07983 30.9507
13.6771 7.23301
8.40486 31.9942
20.8393 4.1482
31.9918 7.23465
7.38795 7.22055
13.6426 22.6821
6.33248 14.4361
8.39435 19.5949
20.8485 26.8317
0.0364857 3.1069
10.5141 21.6586
9.48679 25.7882
0.0313833 18.5703
13.6692 7.21191
14.7297 18.5778
27.9447 1.0576
0.0116613 19.5985
29.9622 6.20385
26.9232 0.000699401
1.08072 19.5897
14.7223 0.0258734
2.1233 5.16127
11.5832 1.03188
25.9113 13.4174
13.6824 9.27857
20.8381 27.8614
9.44292 30.966
0.0173236 1.05346
10.503 9.2906
25.9093 10.3098
4.21565 1.04728
7.34735 3.10522
13.6464 0.0115001
4.21929 8.24995
5.26363 9.29061
15.7704 28.8878
7.34763 2.07247
12.5888 29.9244
4.23657 28.8985
8.40076 14.4418
15.746 2.06174
31.9904 31.9738
10.5048 4.14522
3.15557 31.977
4.20008 28.8884
12.6157 14.4462
29.9598 25.7748
28.9565 20.6379
12.6038 5.17828
0.0481468 2.06449
25.9077 21.6457
5.28362 25.7926
7.35452 3.12022
24.9021 27.8676
14.6864 8.2413
1.0675 12.3911
2.14472 20.6234
0.0256327 11.353
2.11574 0.0100828
4.20916 27.867
26.9285 21.6441
29.959 22.6759
26.9257 25.8016
3.16657 11.3509
14.6856 3.09242
7.34403 16.4852
15.7709 3.10016
10.5251 5.16604
20.8417 2.07192
6.31047 16.512
6.30703 20.6214
0.0437495 29.9297
0.0164306 18.5777
10.5062 9.2849
15.7725 7.23204
15.7691 6.19899
8.39947 27.8462
19.827 13.4073
7.35856 19.596
20.8362 26.8163
3.16114 4.12689
5.28917 18.5524
21.8585 5.16088
2.11208 27.8442
8.42656 13.4061
5.26534 24.7627
5.25867 2.06572
8.41397 18.5601
18.8103 15.4575
1.06056 25.7931
30.9766 10.3024
8.43471 15.481
31.9911 25.7844
25.9167 29.9038
27.9361 12.3639
3.15321 1.04313
3.15361 22.6946
3.16432 6.19844
26.9184 27.857
18.8204 16.5062
9.47245 29.926
6.31548 19.6073
10.5153 31.978
19.8268 17.5455
1.05578 23.7252
2.11366 26.8286
15.778 31.972
13.6566 20.6318
10.531 12.3723
11.5546 29.9066
4.22605 2.0789
18.8177 23.7196
4.20512 6.19164
4.20617 19.6073
4.20944 28.8957
0.0293314 13.4209
7.36625 22.7047
5.26213 12.373
9.47447 24.7623
10.5245 3.11875
15.7737 1.04297
7.38835 28.8779
5.25305 18.5647
14.6949 18.5499
7.38528 0.0159391
6.29401 31.9888
6.32604 10.3221
7.38878 14.4387
12.6288 31.9712
17.8021 2.08198
27.9352 2.07207
4.19903 17.5197
5.27369 20.6356
6.32162 26.8166
31.9924 4.13161
6.30071 13.4028
0.0484895 18.5646
9.44853 16.4826
7.38299 21.6453
13.6603 4.12323
4.21761 12.3844
11.5514 19.6007
0.0287899 13.4099
21.8601 25.7892
13.6668 27.8389
2.10465 30.961
23.8853 19.6093
4.23653 26.8327
4.21961 26.8173
22.8743 17.5372
13.6608 11.3335
31.9974 3.10888
11.5782 3.11548
15.7747 5.15711
4.23814 23.7301
19.8233 11.3323
12.5997 10.3212
20.8364 12.3664
9.45329 30.9501
0.0295751 22.6781
10.5195 23.7208
15.7643 31.9709
10.4935 9.27292
11.5789 27.8681
13.6625 6.1963
11.5817 7.21134
28.9469 8.26835
0.0146474 24.7618
7.36055 0.00269151
5.25938 9.277
15.7386 26.8143
6.29654 27.862
14.7293 17.5317
24.9019 26.8373
15.7388 2.06695
7.34568 20.6433
0.031323 29.9065
4.24081 15.4523
29.9645 24.7502
22.8642 22.6778
5.25219 18.5784
0.038962 17.5287
11.5445 26.8179
15.743 7.22445
1.09058 11.3422
11.5686 11.3434
15.7671 3.11658
11.576 11.3467
2.13755 15.4513
27.9383 30.9586
10.5019 22.6972
1.07017 18.5708
6.32971 18.5602
8.4001 1.05184
1.09412 9.29513
30.9767 15.4713
0.0470995 13.4102
5.29011 24.7433
9.47662 30.9612
3.17047 11.3463
12.5876 16.4998
8.43273 12.3899
1.08885 8.2622
28.9551 28.8823
4.24048 31.9721
0.00983942 15.4625
8.4352 11.3506
20.8466 14.4331
5.28536 8.25397
6.31263 19.6075
0.0280656 7.22234
15.7656 18.5661
7.38957 2.06033
9.46644 21.6485
23.8812 21.6508
13.6598 30.967
12.6149 27.8597
29.9688 19.607
11.5477 30.9512
2.13422 8.25273
14.7243 6.20529
5.28117 20.6354
10.5262 30.9362
18.8212 10.316
0.0332618 29.9334
6.33606 17.5174
8.4067 0.0223885
9.45916 24.768
4.20608 9.27949
15.7773 31.9802
26.9206 8.26059
11.5629 27.8382
12.5885 15.4522
13.6714 29.9029
2.1462 22.7026
31.9951 2.08766
9.46656 5.17926
27.9401 0.0227436
6.3166 2.08217
25.9128 9.28423
19.8303 0.0209301
0.0387802 29.9053
28.9457 19.6099
15.7372 7.22527
2.14231 13.4193
7.36423 23.7388
0.0042628 5.17388
3.18193 2.06229
11.5725 0.0163776
4.21498 16.4924
0.00751913 17.5313
8.41497 31.9696
7.38056 28.9013
19.8352 23.7159
1.07668 20.6188
5.26418 2.09024
29.971 4.13139
8.4117 28.8923
11.5499 2.06841
1.08206 27.8494
22.8668 4.12948
25.9089 9.28533
11.5748 30.9568
21.85 9.27745
6.31217 5.15759
2.13093 27.859
1.06755 3.11033
15.7575 4.13783
10.5286 28.8954
1.08225 5.16944
1.0496 8.25429
5.26657 31.9725
4.21489 1.05152
0.022995 8.26172
5.26784 20.6415
8.43466 17.535
24.9005 11.3343
4.23402 24.7474
19.8317 26.8267
4.22821 26.8128
6.29346 5.1731
9.45117 24.7695
21.8593 28.8804
11.5589 28.8737
13.6413 16.4959
7.35599 29.9164
14.7304 31.9723
8.41188 30.9525
17.7971 18.5589
12.6067 19.5806
17.7976 16.5043
13.6693 29.9278
7.34746 28.881
13.6652 21.6737
8.39252 23.7321
9.44815 7.23828
18.8202 14.4422
31.9926 3.09671
15.7378 25.7842
3.17935 2.06465
14.7302 25.7885
2.10521 1.0391
12.6275 13.4115
4.24085 11.3415
4.24044 17.5189
3.15414 25.7745
5.25698 29.9226
11.5553 9.28026
22.8682 17.5384
5.25839 3.09649
28.9548 23.7236
27.9433 30.9556
0.0340437 19.5888
6.29568 19.6073
14.698 6.19285
1.07573 21.6464
30.9798 15.4703
0.0416478 11.3321
18.8109 9.28464
12.5873 7.23802
18.812 14.4418
18.8106 19.601
2.11075 19.5819
2.10679 8.26842
12.6102 14.4351
5.24428 28.8991
22.8631 13.4134
12.6069 13.4133
27.9422 5.17411
1.09462 4.12669
10.5362 16.5027
22.8633 4.13076
20.8472 20.6273
0.0445914 17.5421
0.0290984 12.3875
7.38543 26.8349
19.825 13.4018
2.11167 2.07977
15.7591 21.6483
1.09674 31.9953
0.00667107 19.591
8.42956 23.731
6.29628 23.7377
10.5252 3.11516
7.38403 13.3946
0.0247539 18.5575
1.07042 23.7239
25.9062 26.8317
19.8267 20.6257
5.25733 19.586
31.9943 17.5139
13.6697 31.9776
26.9195 12.3806
29.9649 12.3748
6.33655 4.12091
17.7979 8.24075
24.9034 30.9454
9.47911 29.9293
3.15129 7.22978
22.8751 23.7382
14.6859 3.11702
15.7408 9.29663
15.7594 24.7541
12.6087 21.6732
3.15142 25.7996
5.24665 4.1398
2.11261 12.3888
3.1572 17.5373
1.0621 16.4843
5.26016 21.6527
6.29688 15.4616
10.489 14.4392
30.9817 31.9762
5.27444 17.5257
11.5449 6.20773
8.42662 12.378
1.07639 28.8967
30.9831 13.393
22.864 14.4303
1.08496 26.8375
11.5634 26.8328
9.45204 9.28396
1.06172 4.13108
15.7508 12.3736
10.5009 17.5279
21.8604 10.3135
29.9704 16.4893
8.39854 6.19313
12.5874 15.4529
2.11197 2.07147
2.1416 26.8127
1.05401 26.8293
27.9386 17.5341
8.4256 5.16241
24.895 27.8392
14.7151 24.7531
8.41838 2.06614
3.1479 1.04855
14.7281 23.7128
10.5009 7.21131
11.5662 13.4132
15.7434 7.21774
13.6725 11.355
4.19903 2.07614
15.7651 1.03273
13.6635 1.0568
10.5258 2.07997
2.14058 26.8223
10.5136 12.3715
24.903 17.5167
8.40652 2.06681
4.21857 8.2678
11.5599 19.5968
11.5774 23.7158
8.43705 17.514
15.7782 20.6419
27.9414 9.27364
11.566 26.8158
9.43981 1.04332
1.09714 3.11261
9.47408 21.6454
1.08828 26.8078
3.14719 21.6673
11.5534 27.8688
30.9774 22.6833
18.8188 1.04793
4.20781 26.832
13.6728 25.7766
6.32108 19.6083
4.21546 29.9141
10.5093 7.22533
2.13553 6.20227
12.6074 17.5242
11.5834 6.20761
25.9097 29.9243
20.842 15.468
7.34177 12.3663
30.9764 25.7783
13.6571 26.8353
27.9393 30.9614
17.8071 6.18614
27.9387 19.5949
1.08586 5.1637
2.11147 27.8455
10.5133 21.6558
6.30406 7.22802
15.7688 21.6539
1.06161 20.6365
3.1569 29.9314
2.11151 12.3699
15.7573 1.05361
11.566 24.7472
9.44856 4.14199
5.26649 7.21949
7.38282 5.1676
2.14606 11.3534
10.4884 2.08256
2.10775 15.4627
15.7604 11.3468
14.6976 14.4308
15.7572 0.00480473
27.9422 10.3029
25.9059 15.4661
2.11789 23.7366
13.6691 23.7287
27.9423 3.11036
24.8942 12.3854
8.42326 22.7053
21.8529 14.4268
17.7989 15.464
10.5015 10.3019
11.5726 25.7989
20.8471 16.4877
9.45782 26.8097
5.25762 16.5053
12.6178 19.5938
12.6176 23.727
14.7098 19.6014
9.47891 16.5054
5.2699 4.12627
15.7509 10.3242
13.6708 22.6775
6.29314 1.05907
15.7434 18.5588
8.40444 19.6038
22.8723 24.7677
0.00705159 0.00269127
13.6674 8.24687
0.036216 29.9255
7.38049 19.6063
16.7897 24.7539
12.6309 29.9028
8.40606 15.4563
13.6697 27.8595
9.46755 11.3337
11.5826 26.8378
10.5091 31.9927
11.545 31.9876
5.2555 29.9333
1.08426 27.8425
6.32532 21.6435
17.8048 9.28037
29.9697 29.9054
29.9664 21.6678
13.6675 28.88
8.40696 1.03857
2.11896 6.18391
22.8671 10.3291
13.6464 13.4105
7.37661 10.3096
2.12529 22.6901
5.24719 26.8214
16.7825 30.9588
13.664 5.16186
15.7709 3.09659
6.31731 13.3923
26.9278 2.08852
1.07151 17.5173
2.13771 22.6947
20.8379 10.3064
12.5946 21.6501
6.33656 5.17207
27.9418 9.27414
12.606 27.8507
10.4956 26.8197
6.29783 22.6871
12.5979 9.29547
4.2273 18.5707
7.36234 3.11831
10.4904 22.6965
5.25685 23.7086
16.7929 31.9725
2.12587 25.7873
11.5624 29.9156
8.41644 20.6386
2.12617 1.05747
14.6945 4.12634
20.8359 19.5985
1.08236 9.27731
13.6765 27.8523
11.5459 21.6452
8.41927 27.8583
5.27364 17.5201
4.20316 23.7369
29.9694 27.8573
9.44916 7.22966
18.8206 10.3243
6.33447 6.18706
8.43073 12.3829
5.2543 6.20416
26.9281 8.25008
31.9909 18.5653
15.7416 14.4295
26.929 6.18673
23.8883 25.7846
11.5739 24.7426
3.19145 11.3562
15.7707 28.8706
7.3669 13.419
17.8005 22.6885
29.9641 23.7296
2.12628 13.4156
8.40077 8.25506
5.25961 4.13472
12.6148 30.9549
3.15263 10.3257
13.6374 23.7337
9.46092 10.3024
4.21945 11.3502
24.891 30.9419
3.17482 27.8464
2.12764 27.8603
6.29313 29.9045
4.22201 5.16908
5.26314 6.18453
30.9853 29.9114
22.8724 3.11023
2.14453 7.21382
16.7854 27.8628
11.5572 26.8091
7.36882 1.03956
4.22867 2.07572
14.7022 15.4663
14.6927 28.8909
14.7165 15.4677
2.14601 20.642
13.6789 20.6335
8.43223 25.7934
31.9903 28.9019
16.7933 2.07896
20.8458 5.15333
10.5043 3.10201
8.4178 29.9086
1.05312 19.5795
25.9146 27.8412
24.8959 11.3338
11.5513 5.15509
4.22249 25.7997
13.6738 28.8889
5.26829 20.6375
9.47579 4.14379
0.017198 17.5268
9.45107 16.5133
0.00259471 9.29568
11.5414 11.3351
0.0486839 23.7361
26.9236 30.9675
25.912 10.3149
8.42347 8.24454
0.0138487 3.10528
5.26007 19.5997
12.6039 31.9844
15.7463 12.3751
13.6463 28.8815
12.6181 27.8699
1.05728 6.20915
11.5511 16.5121
14.6847 24.7622
14.7088 2.07287
3.16715 23.7287
30.9759 10.3204
12.6059 25.7884
8.41925 18.5724
6.31233 17.5405
0.00627553 28.8734
23.8825 14.4378
5.28362 19.5917
11.5818 6.19297
3.15198 9.28321
14.6895 14.4478
6.3162 11.3375
9.46717 10.3134
5.25148 31.9747
16.7885 22.6764
0.0129668 2.08389
16.7931 31.9958
9.46811 23.7345
13.6576 20.6252
7.35996 30.9645
27.9381 12.377
14.7 10.323
14.6867 25.8012
0.0430776 6.18877
11.566 30.966
9.44892 25.8054
0.0180779 16.49
17.8067 8.26198
30.9752 16.498
19.8298 14.4253
19.8333 2.08024
4.23848 10.322
2.1067 18.5473
23.8861 29.9163
9.45986 26.8259
6.32545 5.15977
14.7107 17.5238
3.15064 11.3439
9.47189 12.3652
9.47626 12.3693
6.30558 16.508
14.6846 24.7715
0.0374963 26.8345
18.8152 1.0408
0.0424557 17.5392
4.2205 16.5042
6.31398 26.8206
4.21816 12.3829
13.6473 25.7964
8.39521 30.9512
21.8529 12.387
6.30887 8.24891
7.36516 26.8367
5.25807 13.4107
17.7982 29.9236
31.9933 12.3675
9.47704 5.17943
11.573 0.0253121
29.9654 29.9342
9.46813 18.5577
15.7405 13.4057
13.6487 7.21342
10.5223 21.6684
4.20414 19.5875
14.6999 29.9089
8.40794 20.617
2.14068 29.9035
6.30422 27.8396
26.9296 27.845
19.827 25.8008
9.4827 23.7159
9.44965 10.3296
1.08803 24.7483
9.48241 23.7259
11.5694 24.7509
15.7776 23.7137
2.134 14.4234
7.34953 4.13532
30.9835 5.17429
31.9904 3.10219
3.14652 10.3193
27.9333 2.06198
15.769 21.6503
1.09237 8.24842
31.9893 15.4715
0.0433849 15.4701
14.7215 18.5495
1.05792 23.7372
5.2869 21.6557
5.268 4.13734
9.44251 13.4188
2.11009 17.5198
14.6907 18.5707
4.23692 30.9468
2.12491 22.7032
15.7694 3.11557
17.8029 30.9543
15.7574 24.7459
2.11317 16.4844
29.9622 29.9087
1.07189 3.11223
3.16209 3.10258
31.9904 29.9223
8.42355 19.5875
3.1736 18.5474
15.7421 20.6278
3.18612 9.27866
0.0269156 19.5841
18.821 12.3633
8.43162 31.9764
11.5398 26.8336
14.7005 7.23981
8.42872 21.6733
12.633 6.19577
22.8764 30.9553
0.0345638 10.308
27.9415 16.511
28.9453 12.3869
1.05067 28.8865
8.41737 26.8283
5.27322 4.14246
12.6066 22.6792
5.26637 15.4555
5.27224 14.4243
5.28035 0.000889897
13.6636 14.4271
26.9215 28.8799
2.12746 26.8221
4.21027 17.5399
10.5031 8.26621
2.12963 16.482
13.6369 8.25308
25.9041 29.9234
18.8203 14.4253
29.9659 4.14429
5.27802 31.9846
31.991 2.06781
31.9871 11.352
29.9619 1.03392
10.492 21.6563
26.9293 22.6775
11.5553 29.9216
10.5299 21.661
8.39225 12.3814
14.7289 20.6129
6.3241 4.14741
1.06838 15.4733
15.7585 1.05619
8.39531 27.8381
5.259 26.8362
9.47317 0.0288614
6.31356 22.6831
4.2044 5.15052
3.16637 6.20468
24.8922 1.05851
8.39942 29.9214
14.728 9.29451
11.5771 1.03464
17.798 2.0795
23.8891 27.8689
4.2171 16.4853
19.8343 20.6421
9.45744 20.6111
2.09904 11.342
12.599 2.07924
0.0379432 26.8337
22.8764 26.8162
18.8102 12.3681
11.5609 21.6646
2.14591 27.8628
19.8325 25.7791
29.9677 11.3566
10.494 9.2936
2.12484 28.9003
25.9152 29.9203
28.957 22.686
6.31667 15.4703
1.06002 24.7477
8.40214 31.9723
3.15151 13.417
14.7279 11.3596
4.19736 2.0891
15.7767 28.8948
5.26936 30.9392
11.555 11.34
1.07999 20.6332
2.12211 12.3893
11.5432 13.407
5.28573 26.8337
5.28586 12.3619
2.11006 4.13774
16.786 30.9383
13.6608 13.4193
28.9501 6.19966
0.0459217 24.7518
18.8191 16.5136
26.9258 16.513
1.05303 19.6022
18.8155 14.4401
14.7116 17.519
22.8716 17.5231
23.8825 28.9011
3.18948 17.5149
5.24493 18.5512
9.46145 2.0665
21.8593 15.4664
6.32428 26.8182
1.09484 10.3091
24.9028 28.8828
30.9785 10.3204
10.5179 15.4743
15.7712 13.4149
27.9319 20.6172
14.6893 8.26228
26.926 26.8216
2.14312 26.8373
5.26737 6.20537
6.29479 18.5543
15.7771 21.6741
14.684 31.9897
15.7375 16.4846
12.6205 8.25079
3.18857 28.8721
21.8524 29.916
2.13723 14.4318
15.7575 3.09662
8.42793 12.3736
11.5502 22.699
20.8474 23.7329
15.7767 30.9611
0.0360365 11.361
11.5716 7.23604
29.962 6.18854
7.35774 20.6187
1.05068 27.85
14.7048 28.8962
7.34618 9.27578
7.38842 24.7528
4.23179 30.9486
5.2679 2.07881
14.7149 15.4557
26.9273 1.03922
13.6709 14.4239
3.16721 28.8905
10.4956 17.5306
1.09592 6.19685
7.38339 13.4185
13.6609 19.6109
1.0939 8.25599
3.18353 13.4075
7.37602 23.7099
26.9232 5.15875
1.06532 2.06967
27.9445 25.8011
4.2176 30.9406
4.24174 0.0214382
5.28102 2.08496
6.33984 16.4979
10.5306 5.16759
15.7538 6.18402
12.6157 6.18458
10.5241 15.4638
11.5734 19.5919
4.23402 25.7796
26.9252 23.7231
18.8106 5.16178
12.6213 11.3353
14.7061 2.06803
26.9232 25.8
2.12303 4.14658
6.31957 16.4961
27.9427 1.03321
9.45189 22.6934
0.0410607 12.3725
14.7112 16.4869
9.45675 24.7607
10.494 17.5449
1.07045 7.2235
21.8571 25.7904
7.35549 4.141
13.6525 18.5542
4.23819 5.1789
1.0864 9.27759
25.9083 26.8178
10.5169 18.5777
7.36752 4.13706
10.5217 18.5576
4.24228 21.6653
15.7625 31.9882
8.42582 28.8862
7.3669 25.7778
26.9248 27.8659
5.2704 22.6931
7.34719 25.789
0.0424763 28.8914
12.6262 2.06056
29.9603 26.8166
10.4936 13.403
26.9182 27.8394
25.9106 21.6618
14.7008 7.2176
20.847 29.9345
29.9597 2.07835
24.898 8.25961
12.6085 18.5661
15.7565 4.14387
21.8496 22.6998
25.9043 5.1674
10.5237 15.4765
13.6527 26.8369
13.6733 23.738
10.4981 27.8563
3.17091 3.09345
10.5118 2.08155
7.35 30.9569
2.09965 7.21166
10.5129 5.16309
2.11198 24.7476
5.28486 3.11811
9.47963 20.6397
7.34402 22.7083
17.7954 16.4888
20.8392 23.7188
12.6322 24.7435
6.33693 21.6556
19.8287 29.9314
30.9732 30.939
14.7233 10.3214
6.33312 29.9273
12.621 21.649
9.47758 0.00807273
9.45292 13.4197
28.9557 31.9733
13.6657 4.14132
2.13003 8.24199
12.6047 11.3482
10.4931 27.8551
15.7492 30.9675
1.06084 28.8835
7.34832 10.3099
5.28648 31.9778
12.5974 6.1929
5.28177 9.2913
26.923 11.3524
10.5244 1.0327
7.34821 5.17157
2.12614 31.9762
7.3473 6.20496
24.9035 16.4956
5.29185 7.23554
12.6208 1.05765
25.909 13.4063
30.9795 14.424
6.30795 18.5497
23.8865 0.029227
18.8127 7.2356
9.45366 11.3542
2.10331 2.062
12.6303 20.6241
18.8162 6.20298
15.7783 0.000881791
7.34798 23.7257
4.21639 26.8236
22.8748 28.8801
14.7041 14.4494
26.9179 26.8186
19.828 29.9272
8.3965 11.341
22.8632 21.6706
21.8508 18.5705
15.7598 3.09586
7.36939 23.7211
24.9006 21.6443
9.44102 22.69
12.6053 2.07245
5.25096 22.6823
5.28955 30.9608
7.3581 13.4076
11.5438 18.548
11.5498 20.6312
2.11222 8.26712
12.612 23.7303
13.6403 5.16315
13.6417 30.958
10.5137 23.7288
11.5424 12.3766
14.6865 4.13785
23.88 7.22731
2.10335 7.2386
7.38962 15.4593
7.36066 9.28542
13.6425 2.07373
13.6781 1.04801
9.45478 29.9291
13.6479 10.3124
6.33024 6.20215
10.5325 10.3214
4.23949 6.18946
14.7294 27.8703
3.17513 7.22825
7.37049 10.3268
2.11419 10.3195
6.32874 19.6065
5.24912 20.6179
13.6783 28.8899
4.22692 16.5033
20.8478 25.7813
6.30836 0.0271597
1.08206 20.6166
17.8034 6.18539
8.43724 11.3387
11.5525 22.7012
4.19789 17.5284
5.26235 20.6316
17.795 0.0180827
3.17546 25.7741
11.5562 1.04583
14.7147 6.19129
28.9519 6.18717
16.7859 30.946
4.21169 26.8229
9.46989 16.492
9.46501 4.13009
11.5693 16.5079
1.05211 20.6161
6.29384 11.3362
2.13425 0.0269589
8.43023 15.4523
10.5258 12.3646
0.0457519 18.5709
13.6651 12.3623
3.15478 10.3193
12.591 31.9988
12.6337 1.043
12.6301 9.28652
16.793 10.3121
19.8235 29.9228
11.5379 24.7454
0.0394005 17.545
2.13827 26.815
15.7676 18.5755
13.6806 21.6523
2.12901 18.5505
28.9523 8.26245
12.6186 25.7848
2.11097 13.4004
17.8053 14.4329
8.42285 28.8945
2.10634 26.8099
18.8111 2.0796
5.25173 26.827
8.41405 14.4316
11.5565 18.5506
21.854 28.8943
20.8412 27.8513
11.5434 28.8823
13.6655 21.6463
16.7831 0.0279433
6.30284 22.7005
29.9657 19.6096
1.05504 23.7214
5.27275 3.10471
15.7655 16.5075
8.42422 25.7937
7.38406 31.9956
0.0371633 11.3377
8.42121 23.725
14.7189 11.3475
12.5976 3.11372
6.33484 31.9749
13.6457 30.9534
6.3092 29.933
4.21026 5.17707
11.5465 28.8816
11.576 9.27165
10.5317 0.00389504
3.19452 29.9274
2.12855 25.7915
12.6049 16.4919
4.22809 10.3037
1.0853 9.28834
15.7465 29.9295
5.26604 16.5069
6.31733 2.07253
25.9176 3.11764
24.9021 29.9066
0.0199958 22.6992
2.14595 5.17987
17.8032 3.11025
6.30735 30.9675
24.9015 0.0224226
2.09967 16.4983
23.888 29.9243
13.6436 21.6448
1.06913 23.7241
12.6005 27.8422
30.9841 4.12655
18.8173 18.5649
7.36459 20.6284
10.495 14.445
4.22313 8.26754
11.5524 2.06537
10.496 16.5003
8.40294 1.03389
21.8561 17.5282
3.18536 18.5538
0.0191611 27.8666
8.42059 16.4909
11.5607 31.9723
1.07113 25.7917
1.07754 20.6161
1.05752 24.7519
5.2771 23.7277
12.6129 19.5936
11.5456 3.1094
1.0595 29.9178
1.06485 11.3411
5.2923 21.667
8.39111 6.19694
14.71 25.7983
9.4648 20.625
15.7685 29.9186
6.30966 11.3506
22.8686 8.25675
4.21343 14.4323
11.5777 13.4148
31.9988 31.996
30.9745 27.8398
8.40179 14.4486
14.7287 30.9625
9.46871 11.3554
3.18508 25.796
11.5606 25.8022
8.40298 8.24361
26.9206 13.3941
3.19193 16.5097
3.18288 1.05187
11.576 5.15785
4.22544 23.719
8.41173 31.9763
3.19416 28.8873
11.56 29.9147
15.752 31.9948
18.8118 23.7187
27.9437 21.6492
8.43805 18.5763
3.17524 10.3288
16.7841 4.13188
8.39819 30.947
3.18797 16.4857
14.6872 19.6028
29.9716 25.7947
9.46436 28.8814
0.0139934 1.04092
21.8555 1.05497
12.6201 25.7767
0.0123065 28.8799
22.8681 5.15595
13.638 30.9657
15.7624 30.9624
8.4328 6.19994
10.5306 13.3917
27.9352 23.726
4.21499 13.4165
13.6675 1.05353
29.9675 24.7642
1.06324 12.3796
14.7286 28.8713
22.8706 5.17392
0.00455832 6.18928
30.9769 21.6617
12.5969 3.10099
9.46136 18.5707
13.6346 25.7889
1.06193 13.3978
2.10709 28.8849
18.8165 30.9551
14.6912 23.7204
11.5623 27.8588
3.17719 25.7818
16.7863 28.895
18.8211 18.5513
31.9873 25.7803
10.5191 8.2495
16.7866 24.7708
2.11775 31.9678
6.33847 14.441
15.7612 22.6886
15.7423 28.9016
5.24833 4.13309
12.6231 22.6806
1.06372 25.79
13.6729 1.03674
15.779 20.6259
27.9435 9.29615
0.0457375 30.9446
18.8201 4.12945
0.0138997 2.07488
2.14004 24.7488
11.5589 16.5118
0.0279967 23.7155
10.4917 10.3212
13.6681 0.0237865
20.8391 5.16678
8.39588 20.6336
10.5345 9.29577
29.9677 23.7177
16.7825 2.06918
11.5714 19.5852
1.05017 19.5805
15.7593 11.3327
18.8089 15.4787
11.5616 20.6136
15.7421 13.418
22.8679 29.9124
15.7796 2.07382
12.6041 26.8091
4.21472 17.5422
19.8271 8.26633
9.47336 22.6875
12.6298 13.4153
21.8499 10.312
18.821 28.9018
7.34858 28.8849
6.32029 30.9608
11.5613 19.6103
17.7981 18.5553
0.0101098 29.9312
1.08888 14.4341
21.8503 6.19901
3.15787 8.26517
17.8068 12.3783
11.5776 23.7378
6.31874 20.6204
29.9658 30.9482
10.4997 19.588
10.5066 27.8671
31.9959 6.18498
31.9944 14.4493
3.16221 3.11639
18.8122 18.5465
7.35123 20.6314
26.925 24.7479
3.14942 3.1064
9.44675 4.12358
0.0294526 1.04513
12.6321 12.3787
8.41372 17.5165
28.9587 16.4826
8.41985 15.4538
0.0369022 3.10757
9.47099 13.3976
5.28232 9.27094
23.8769 25.7795
27.9336 21.665
19.8256 27.8625
8.39591 4.12523
6.30781 22.6914
15.7689 14.431
8.42226 31.9734
14.6951 29.9252
31.9982 27.8487
2.13886 16.5054
29.9672 2.06728
12.5904 13.4007
13.6409 11.334
12.6282 21.6644
4.21502 7.22466
10.5161 22.7028
0.00868869 20.6326
9.46064 26.8067
24.9025 18.5635
5.27817 18.5601
15.7384 7.23097
11.5737 7.23546
15.7339 21.6736
15.7733 31.9733
8.40239 17.5215
10.5123 3.11655
5.249 1.04279
13.6456 17.5169
4.21969 26.826
8.40874 29.9094
2.14513 9.29828
7.36384 12.3668
11.5555 31.9689
13.6518 22.6798
2.11216 8.26276
11.5811 31.9839
2.1421 28.8953
4.24242 16.4959
14.6987 3.09604
8.41798 13.4025
13.6661 5.16117
0.0316837 13.4094
13.6675 10.3128
0.0266914 27.8543
24.8903 28.8927
6.33616 6.20737
31.9885 15.4686
5.28168 5.15093
10.4919 22.7062
5.24779 13.3949
5.25378 11.3447
8.41176 27.8695
6.33295 29.916
7.34742 8.26129
30.982 3.09927
26.9246 20.6195
7.35899 22.6944
3.15656 18.5617
6.33427 28.8712
7.35507 21.6522
1.09523 22.6807
10.5302 29.9286
11.5514 26.8132
9.45095 14.4328
14.6942 8.25531
11.5677 11.3486
12.6256 11.3346
1.06373 14.4382
3.19412 17.5158
2.10584 15.4535
6.34081 1.04465
13.6557 16.4985
12.597 26.8302
8.41141 26.8273
12.6177 21.6541
20.8406 17.543
16.7879 13.4186
11.5482 27.8578
8.43511 5.16342
13.6398 7.23945
1.06155 12.3789
12.6216 10.3192
1.09426 1.04397
25.9146 0.0265523
26.9295 14.4244
25.9097 11.3506
11.5596 16.4856
5.27736 14.4234
11.555 31.9741
20.8418 24.7497
18.8198 28.882
14.7204 27.8647
31.9991 16.4839
15.777 12.3733
0.0453808 29.9235
6.33282 5.16217
4.22134 8.26713
28.9517 14.4363
9.44574 7.235
11.5706 24.7517
5.26314 9.27531
14.6912 19.6035
8.40805 28.8943
26.9244 16.4943
17.8021 21.6487
13.6677 22.6967
0.000895858 23.7314
6.29343 12.3754
13.6527 11.3604
10.5121 0.0194257
6.29951 0.0272299
2.14365 16.4849
0.00281274 5.15626
19.8238 7.21924
8.42005 14.4258
10.4975 17.5239
6.29415 10.3223
6.3014 15.4647
14.6903 10.3257
18.8209 15.4614
17.7987 29.923
31.9984 14.4458
11.5552 28.8812
9.46457 2.07653
14.7126 16.4985
28.954 21.6623
15.7376 21.671
6.30738 30.9614
6.34047 4.14895
14.7063 5.16976
28.9457 7.21305
9.48752 26.8373
0.0213634 6.20457
14.7049 15.4671
2.14484 21.6573
7.36615 11.3589
25.91 14.4418
0.0179213 9.28513
11.5706 27.8534
16.7941 0.000118136
9.45128 23.7297
12.6023 30.9627
3.16461 22.7082
4.21037 2.0614
14.6954 10.3101
7.37375 5.17185
13.6428 24.7519
14.7133 12.387
10.5077 25.7937
10.5193 5.17446
10.5244 13.4201
15.7687 5.15755
5.26859 16.4932
12.5916 22.6853
1.09287 5.17744
31.9939 15.4728
9.44449 27.8416
22.867 11.3418
29.965 12.38
3.16195 14.4258
4.21105 12.3716
21.8517 18.5551
7.37888 27.8562
31.9989 15.4536
9.45936 4.12532
4.22394 18.5722
2.12105 30.9386
16.7851 15.4521
5.24595 7.23035
14.716 15.464
2.11182 13.4155
9.45434 28.8892
4.20379 1.05184
16.7908 18.5581
9.44071 17.5353
9.43905 6.18338
13.6729 12.361
7.3582 11.3453
12.6341 27.8614
2.10195 15.4791
13.6635 28.8974
15.771 8.25538
9.48499 30.9382
14.6974 21.6719
0.0091275 24.7698
1.05893 20.621
10.5093 25.8036
14.7185 15.4538
14.73 25.7859
16.7936 6.18163
24.9023 25.8011
7.37715 17.5349
1.08663 27.8599
4.24346 2.06395
15.7585 18.5686
9.48517 9.29003
2.10135 21.6759
8.42664 23.722
20.8482 0.0150529
9.46077 18.5562
8.41251 5.15322
30.9747 29.9245
10.5274 6.20782
14.6854 18.5581
6.31287 26.8106
15.7371 5.15354
1.06437 23.7334
0.0050019 12.3871
8.42424 31.9908
4.20099 29.9241
2.13687 27.8538
4.21985 19.5951
10.4955 16.4917
15.7569 22.6961
10.5326 13.4101
6.32123 9.30035
0.0201657 10.3202
4.23994 27.8416
25.9078 23.7161
14.6897 27.8649
25.9093 18.5636
27.9419 4.14626
13.6602 23.7357
21.8622 27.8592
0.0479435 10.3228
1.09369 20.6353
15.7462 5.15472
10.5054 9.29716
4.20156 22.6784
8.43828 24.7662
15.7457 26.8369
9.45015 25.7864
15.7681 23.7248
5.24464 25.793
19.831 15.4763
12.5996 16.5073
8.43162 11.3523
12.6032 16.5112
19.823 22.7036
8.39122 17.5178
3.1679 10.3297
8.43345 31.9819
24.8994 10.3023
4.19819 4.12349
29.9716 1.0593
6.31141 20.6394
16.794 24.7617
6.29879 30.9383
7.36624 12.3713
14.7081 20.6386
4.20207 21.6743
25.9077 1.04977
13.6823 4.1304
3.17707 27.8597
1.08428 21.6699
0.0411572 18.5643
2.14315 0.0253278
1.07932 6.18525
5.28785 30.9645
2.14406 14.4418
7.37489 28.8747
21.8497 18.5679
14.709 17.5326
9.48541 23.7261
11.5783 16.5036
12.6067 9.28038
7.35043 1.04323
0.0257505 10.3225
12.6102 22.6888
14.6996 13.3928
12.6309 19.5818
6.33269 20.6342
6.30936 25.7825
9.476 28.8737
21.8512 2.07756
15.7744 4.12202
14.6913 17.5308
30.9807 11.351
7.36132 30.9594
11.5793 26.8251
12.6166 1.03036
5.27174 31.9893
3.15847 1.03289
13.6524 16.4819
14.6881 14.4352
4.19803 10.312
30.9808 1.05921
3.14954 23.7104
12.6034 18.5726
31.996 19.5808
4.19715 23.7349
5.25839 12.3628
11.5592 4.1265
10.4938 26.8204
21.858 6.20725
14.6877 10.3202
13.6528 13.3944
3.18473 16.4931
0.0444291 9.29627
4.23016 27.8511
4.20468 11.361
16.7886 24.7624
14.7202 2.07774
13.6806 29.9206
14.7072 7.23296
4.20691 8.24928
3.19123 22.6828
3.1824 3.10576
12.5883 4.14151
0.015355 23.7182
28.9502 18.5644
2.10307 13.4149
0.00412285 22.7073
23.882 13.3968
2.11344 19.6017
10.4944 11.3534
8.41219 18.5769
15.7737 14.445
2.10236 3.09349
20.8488 25.7983
3.17343 31.9736
7.36038 24.7691
17.8071 2.0871
9.47578 27.8599
6.29461 16.4983
2.12463 22.6962
6.29441 23.7306
7.37982 4.14501
10.5013 13.3979
0.0423532 2.08929
13.644 18.5476
14.7111 13.4166
0.00401402 31.9778
14.6926 4.13303
13.672 24.7697
28.9518 13.4103
8.43343 18.5565
9.48148 15.454
14.7164 14.4354
19.8347 1.05726
31.9946 13.4162
9.46321 3.09542
0.00967526 25.794
2.11808 27.8675
4.23287 10.3246
0.036483 25.7932
4.2392 31.981
2.1117 15.4809
2.13301 20.6191
10.4939 18.5622
3.18725 19.585
2.13912 18.5496
31.9967 24.7716
25.9075 14.43
12.626 11.3596
13.6722 11.3579
3.18956 27.839
15.753 11.3581
11.545 0.0233577
8.43101 21.6683
15.7785 11.3403
7.38256 0.0268419
0.0350212 29.9185
20.8383 7.231
1.07726 25.7968
4.22408 22.6781
9.45039 13.4178
1.06594 9.279
2.10871 3.09735
27.9431 30.9637
15.7599 28.9003
9.48006 23.7377
10.501 22.6997
9.47526 15.4663
11.578 29.926
13.6398 29.909
22.8645 9.29302
6.30984 17.5305
13.6597 27.8667
29.9629 1.04809
12.5953 25.7842
6.32586 24.7694
11.5851 11.343
5.28579 8.25011
5.28764 5.16202
8.42708 22.6864
22.8695 23.7333
8.43651 21.6691
18.8186 23.7113
28.9546 0.00849628
7.34885 26.8094
3.15754 26.8371
3.16912 5.15057
8.40922 13.3976
14.6901 18.5749
6.31938 0.0249027
11.5369 25.7864
6.31988 2.06802
28.9501 14.4307
21.8598 31.9953
16.7931 0.00599837
14.6879 5.16225
8.43671 24.7577
14.6867 23.7395
1.06921 29.9309
10.5135 7.21093
7.3637 21.6753
17.8067 30.9362
22.8679 9.29906
6.33779 20.6201
8.40198 15.4572
0.0177511 3.10862
15.7498 25.7873
18.8127 15.472
25.9105 22.7003
22.8654 13.4107
8.41102 27.846
27.9437 12.3893
13.6551 15.4596
1.09737 14.4338
2.13948 22.7005
9.46116 9.29532
30.9819 25.7949
11.5738 12.3676
12.6112 12.3829
26.9303 24.7597
8.40555 14.4243
8.43818 31.9761
25.9086 2.06963
11.5842 24.7574
3.1573 9.28717
12.5986 18.5501
3.16081 6.20198
14.6944 26.807
19.8319 15.4753
9.47582 23.72
6.2932 8.26994
4.23991 9.27547
6.30557 1.03188
7.37446 9.27937
6.31891 12.3781
4.19971 16.4885
8.42394 16.5071
1.05746 17.5444
18.8098 25.7948
12.6275 30.9363
7.35991 9.27858
10.5244 17.5384
17.8077 27.8412
2.13206 19.6009
0.0133117 15.4588
4.24003 29.9063
12.5942 17.5349
3.18403 31.995
11.5575 17.5424
11.5368 22.6862
6.29821 4.13314
21.8547 30.963
1.05038 13.3997
1.08317 29.904
10.4952 26.8138
8.4321 8.25254
30.977 8.24853
23.8792 27.8573
0.0354793 20.6423
8.42004 19.5841
8.42862 29.92
3.16742 9.27449
6.32659 26.8222
29.9626 17.5153
4.23527 11.3421
2.13021 15.4762
7.37192 26.8107
11.5801 23.7096
4.23727 22.705
25.9173 9.27282
12.6079 23.7305
7.37768 29.9063
6.32783 19.5904
19.8265 11.3342
6.30081 28.8828
17.7989 19.5887
14.716 30.9502
7.37056 16.5006
29.9594 11.352
14.7158 16.4963
19.8311 29.9041
4.21616 19.6056
8.42323 25.7737
11.5816 0.027777
3.18492 10.3153
21.8504 24.7605
10.5345 15.4535
14.7071 3.11254
10.5365 18.56
4.20378 27.839
28.9503 4.13588
7.34296 7.22602
14.7036 21.6729
12.6293 9.28094
15.7546 2.07812
1.06386 22.7019
2.09909 21.6436
14.6881 31.9961
20.8456 15.4567
0.0299542 22.6924
29.967 5.16815
9.44251 13.4054
28.9492 26.8122
23.8894 15.4644
9.43996 21.6627
13.6373 24.7434
9.43977 24.772
7.38261 15.4629
12.5865 3.10927
13.658 27.8458
0.0406252 5.15128
9.45826 19.6034
6.33226 24.7582
2.13092 8.25834
8.40086 30.9414
0.00871468 20.6148
7.36723 29.9226
8.39867 22.6784
6.29901 7.21495
6.33047 11.3361
18.819 5.17197
9.46711 8.25233
6.33832 20.6343
20.8454 12.385
13.6624 31.9687
18.8203 22.6844
2.1011 8.25437
7.38419 30.9596
13.6444 13.4192
2.11231 15.4615
8.41955 23.718
23.886 10.3243
11.5667 29.9072
9.46284 25.7818
12.5976 16.4871
3.14686 3.09137
16.7812 17.5154
13.6399 15.4569
6.30253 19.5911
10.4897 11.359
15.7453 29.9205
10.5165 1.03135
5.24985 29.9091
5.28114 13.4014
1.09476 19.5915
24.8918 5.1641
0.0439514 17.5253
14.7134 6.18127
10.5215 25.7989
12.5981 20.6209
14.7161 1.05477
14.6913 22.685
10.5147 0.0187143
7.38252 29.9089
14.7074 22.6829
11.5767 26.8229
13.6789 12.3864
3.15356 3.11609
13.6829 3.11077
9.44792 17.5436
10.5162 4.12529
14.7252 8.26697
11.5435 5.17468
13.6588 1.0416
20.8449 27.8545
18.8183 18.5544
6.29491 4.13245
11.5748 26.8246
15.7475 6.1997
8.42966 4.14475
10.4932 13.4043
27.9337 26.8217
3.18679 29.9272
11.5799 19.5807
5.24652 25.805
1.08738 8.26912
31.9898 8.26746
15.765 25.7884
1.05169 12.3713
9.486 10.3202
3.15209 5.18043
12.6078 1.05206
5.28621 30.9602
8.40348 19.5838
20.838 25.7996
9.4456 22.6894
11.5791 5.15079
9.48067 10.3118
8.41377 20.6392
5.26538 27.8514
24.8926 9.28839
31.9986 27.8621
21.8507 6.18899
31.9933 5.15674
25.9071 13.3963
15.7728 9.27251
12.5866 16.503
17.8007 1.03142
9.44035 17.5284
10.5311 0.0123606
2.12158 10.3307
3.18062 23.7149
5.26253 5.16012
0.000213027 9.28897
13.6675 6.19356
14.7027 20.6414
6.32396 19.6029
2.14467 23.7131
29.9718 2.08986
9.4652 7.23612
4.23644 15.4661
7.36312 7.21681
8.3925 24.7491
31.9916 6.19774
10.5218 5.16273
11.579 22.6763
26.9299 31.9815
6.31922 21.6535
15.7656 1.05784
7.37641 13.4106
7.3459 19.5942
21.8569 17.5345
14.7191 31.9875
19.8314 0.0286222
15.7779 25.7913
4.19579 29.9145
0.036797 19.5817
8.39115 11.3433
3.17338 21.662
6.30241 17.5191
0.0135021 13.4123
3.18417 8.26167
6.31989 13.3915
15.7446 12.384
2.11457 4.12216
9.45856 26.8242
24.8938 25.7928
7.34356 14.427
8.40823 11.3333
5.24943 28.8806
8.39964 31.9963
31.9908 1.03947
0.00830328 30.9626
9.45312 21.6703
16.7836 10.3203
1.05135 24.7597
31.9894 0.011888
7.36932 11.3486
4.21543 4.13537
7.38761 11.3383
17.7943 5.16323
8.41133 4.12524
11.5832 13.4183
5.26325 8.25473
22.8646 5.15346
0.0303707 24.7565
15.753 0.0240256
18.8116 5.15399
6.33482 28.8891
11.5706 17.5252
1.09134 2.08675
5.25336 27.858
3.18489 18.5631
8.43714 4.12949
15.7473 27.8484
1.06748 10.3268
27.9346 31.9825
7.38208 11.3349
0.0115703 31.998
10.5309 7.21288
7.36711 15.4812
7.34329 11.3467
14.703 20.6331
17.8078 10.3074
6.30479 18.5726
3.15305 1.05023
2.13947 11.3551
14.6949 20.6342
15.7662 7.23434
29.9691 10.3132
14.7299 9.29637
14.6892 25.8015
20.8402 15.4658
11.5668 15.4645
7.36006 8.26839
12.6288 29.9221
12.5894 23.7349
14.694 13.4002
23.8782 2.06259
7.37644 21.6699
20.8387 9.27426
14.6962 16.5138
3.17691 15.4785
0.0222167 24.7461
10.5004 8.24342
12.6321 23.71
25.9145 17.5216
17.8005 30.9648
24.8976 9.29028
3.17259 3.11484
14.7164 0.0075742
20.8367 0.00255692
1.0559 14.4505
11.5481 22.7016
1.08524 26.812
4.23379 25.8031
1.06391 19.592
3.15326 22.6859
2.12038 27.863
7.37099 28.893
22.8763 26.8247
2.10944 29.9203
2.1071 28.8823
4.1989 24.7625
31.9967 6.18839
10.525 5.16451
7.38501 5.1792
1.06149 26.8063
19.8245 0.0152378
14.7137 29.9216
11.5512 18.5639
15.7371 16.4818
10.5047 31.9876
27.9434 2.08946
11.5576 14.4431
1.08881 19.5957
9.4818 25.7832
27.9383 22.6907
9.46623 5.1783
8.39209 1.04657
10.5267 12.3766
22.8688 21.6655
8.409 7.23648
0.0441743 17.5389
16.7825 17.5186
8.43229 8.24178
0.00263631 10.3253
13.6722 1.03323
13.6704 30.9643
11.5806 25.8028
13.6484 20.6282
9.44082 21.6719
23.8881 25.801
9.45039 20.6313
30.9824 3.11996
0.00505579 28.8877
18.8173 15.4788
29.9705 14.4385
14.7225 28.8924
14.6916 14.4305
18.8106 19.5823
2.09919 13.4068
19.8239 4.1219
0.0326544 14.4495
12.6091 27.8667
25.9165 9.28445
12.5959 21.6674
30.9846 5.15801
3.15713 28.8944
19.8261 20.6139
10.4986 29.9126
4.19886 12.3775
14.7258 15.4787
9.4634 2.0853
3.17276 15.4573
0.00659657 23.7205
26.9301 0.00277877
20.8474 5.15513
21.8522 7.24003
13.6538 3.09753
9.46823 21.6506
12.6137 17.5304
8.4216 2.07488
14.7293 18.5721
11.5415 25.7747
0.0427152 27.8463
22.8643 16.4963
31.9991 11.3352
14.6874 11.3322
0.0347825 23.7298
0.0476408 15.4721
14.721 4.12275
13.6541 3.11399
2.12932 31.9701
7.34725 13.4188
7.38813 23.7372
28.9586 12.3837
12.6135 1.03898
2.12617 18.5484
19.8332 2.08428
7.37484 2.08007
3.1664 0.014928
11.5464 15.4629
6.29405 9.29615
5.25107 8.25318
10.5053 4.13875
27.9405 29.9038
10.5076 10.3206
10.5178 17.5259
0.0480046 4.13179
1.05497 26.8223
11.5414 9.29601
5.25212 29.9056
25.9088 27.8604
5.25931 23.7261
0.0186216 20.6361
18.8138 0.0187064
4.23029 7.23812
24.892 30.9576
9.48413 30.9627
19.8226 19.5906
12.5994 1.03676
14.7073 10.3018
5.24656 4.14613
11.5627 22.7
4.21144 19.6102
1.07261 5.16683
7.3796 15.4624
25.9067 2.06424
7.36042 20.6318
2.14558 1.05848
5.28427 30.95
15.7628 5.16356
14.6867 23.7204
11.5596 2.08989
1.07814 22.689
20.8443 31.9904
1.06525 14.4285
28.9559 30.9439
8.43844 9.27765
19.8218 18.5491
11.5698 31.9876
3.14736 12.3759
19.8222 30.9594
31.9877 8.26516
30.9759 2.07875
3.19061 1.04189
5.25019 9.29961
1.05362 29.9325
7.37058 29.9052
2.13322 24.7626
15.74 29.9294
5.26927 15.453
23.8816 25.788
3.16935 17.5285
16.7818 11.3421
17.7986 19.5811
18.8178 2.07492
8.39046 9.27298
17.8004 5.17076
17.8019 5.17865
14.7189 1.05492
12.5939 28.901
8.40591 14.4507
2.13554 13.4008
0.029917 29.925
9.4777 20.6253
7.34564 9.29157
1.05277 19.607
8.41015 5.1765
20.8403 8.26323
16.7932 12.3618
11.5441 22.6811
19.833 31.984
11.5611 25.794
10.5224 16.4867
6.32838 13.4049
24.9031 16.4846
8.39969 21.6579
8.4304 22.7
15.7343 26.8323
15.7741 22.6948
5.27694 28.8893
9.45733 14.4376
15.7547 7.23309
2.12176 24.7619
27.945 22.6849
10.5089 2.0894
1.05912 12.3758
31.9929 6.20462
22.8658 5.17601
13.663 24.754
31.9872 29.9201
9.43991 3.10065
11.5573 9.29981
27.9448 4.13041
3.1569 12.376
14.7164 15.4793
8.39439 13.41
11.5584 4.14528
11.5698 23.7312
15.7803 4.13935
11.5417 22.6978
3.17782 7.21891
13.6763 11.3523
14.7039 30.9373
7.36595 22.7071
11.5705 0.00246513
20.8373 24.772
10.5086 29.9112
10.5354 1.04235
0.00316298 0.0115702
31.9947 12.3642
6.33727 14.4487
3.1659 7.21082
7.34377 29.9172
6.33348 25.792
8.41807 30.9483
8.39436 16.489
15.768 9.29656
20.8463 27.8524
6.30521 16.5017
11.5502 8.25516
0.00286043 26.8273
10.5267 30.9361
7.38758 21.6729
26.9198 9.27212
10.5174 18.5649
18.8178 20.6301
9.46086 28.8924
9.46571 15.4764
6.3344 2.07212
3.18505 15.4582
21.8583 31.9761
20.8487 28.8985
1.07267 22.6897
15.7702 12.3808
2.10383 20.6317
23.8824 12.3619
4.23015 4.14895
10.5221 22.6911
12.6299 15.4656
12.626 3.1048
11.5521 18.5605
3.1789 4.13489
0.0203081 7.23648
6.31185 13.3953
5.28226 8.26538
12.6313 14.4462
21.8571 10.3045
11.5536 13.3914
25.905 23.7292
5.26271 27.8408
5.28442 1.05043
10.5207 25.7823
15.7773 31.9913
11.5527 9.28299
17.8076 19.6037
18.8176 6.20169
9.47112 14.4354
29.9654 6.19213
18.8156 4.14928
6.30712 3.09988
6.29779 31.998
13.6469 2.07936
7.38018 3.09302
30.9862 22.6993
19.8272 10.3271
20.8368 18.5616
21.8628 16.5085
12.6221 18.5637
31.9897 5.16557
3.14786 27.8652
1.07544 23.731
9.48601 1.03542
6.31279 5.16752
26.9226 25.7919
2.12917 8.24227
10.4958 16.4843
13.6774 23.7378
2.13481 16.4832
13.6799 2.08099
31.9941 27.8592
15.7376 25.8013
1.06795 24.7529
5.27876 23.713
17.7998 22.6856
27.9338 24.7407
0.0334228 17.5153
8.41729 12.391
13.6404 27.8471
16.7856 29.9121
13.6714 4.14044
27.9395 11.3431
13.6423 15.4627
3.16804 4.13153
24.8941 3.1082
7.3679 16.4902
12.5984 8.25849
8.4108 2.06302
16.7885 28.872
10.5095 27.8545
5.27123 4.12273
10.5172 1.05287
20.8455 17.5247
10.5122 26.8078
10.5365 15.4532
13.6469 7.22225
27.9317 20.6425
14.7151 3.10725
1.09294 15.4534
13.6665 17.5194
8.42609 25.7899
0.0305629 28.8808
30.9767 20.6349
8.39122 14.4509
4.21748 18.5739
31.9929 14.4241
9.47915 11.3322
14.687 17.5244
2.10579 26.8157
0.0390564 26.8352
1.07604 31.9775
12.6212 5.1542
0.0484754 18.5582
9.46 4.12392
15.7467 12.3868
5.28473 24.7714
10.5172 11.3553
6.29401 15.4704
11.5641 10.3095
8.42163 21.6732
4.20597 18.5541
8.39359 12.3656
10.5156 8.24786
30.9783 25.8
5.26819 15.4621
0.0230656 15.4686
11.5418 3.09173
29.9616 6.18336
11.5422 9.29931
7.35889 0.0158924
13.6572 16.4882
7.34752 23.7184
15.7767 12.3738
31.995 11.3494
7.35315 20.6171
6.3071 27.8576
16.7889 22.6765
27.9392 10.3027
18.8153 1.04417
10.5085 16.4828
15.7713 3.11269
12.6077 9.30065
14.7175 4.13428
10.5306 13.3922
5.25611 27.8403
4.19746 18.5554
8.40127 25.7886
8.43228 27.8524
8.39721 19.5859
3.16261 9.29126
8.42972 30.9554
0.031461 13.4192
25.9139 11.349
17.797 24.7522
21.8493 5.15736
30.9781 17.5357
28.9545 24.762
11.5684 9.29329
9.47977 9.27367
7.36727 4.14686
4.21566 3.09053
11.5738 16.4939
28.9518 20.6381
2.11637 17.5406
9.46784 20.6221
18.8194 29.9254
6.2938 0.00124919
15.7632 30.9481
15.7339 11.3583
13.6472 4.12571
14.719 20.6283
2.12836 26.8209
9.46695 17.5261
6.30758 25.7972
9.48594 11.3487
9.4761 18.5629
18.8193 23.7372
6.33156 25.7994
17.7954 31.9785
7.37494 25.7827
7.36556 5.1556
13.68 31.9942
1.06887 7.21545
15.7382 18.5654
29.9724 4.12522
23.8792 20.6177
6.3152 27.8451
12.6107 10.3305
1.08967 2.08693
29.9636 15.4627
11.5587 4.13693
4.23713 4.12909
3.18827 3.09105
25.9127 18.5756
14.7202 0.0216347
9.44951 2.07095
24.899 25.7856
7.36602 17.5375
6.29647 26.8079
10.5194 22.6777
4.21231 15.4628
9.45876 10.3038
8.42737 13.3951
7.36845 11.3456
0.0209283 25.7747
15.7709 27.8652
0.0468824 28.8728
26.9288 7.22302
22.8741 14.437
8.4328 5.15326
5.24497 20.6188
2.13888 25.7934
4.21548 27.8485
3.15511 18.5642
23.8823 29.9305
3.1645 17.5192
10.5353 20.6418
11.5367 17.5222
15.7336 9.27118
7.38586 30.9469
2.10748 6.18725
3.15575 21.6582
12.5984 2.08548
14.683 9.27754
3.17649 29.9318
11.5621 12.3807
15.7666 28.9007
2.13325 19.5953
0.0257491 14.4492
11.5411 15.4659
15.7674 18.5639
3.17385 3.09647
14.7308 2.08475
7.35984 0.0195184
5.28746 3.09074
25.9153 8.24105
23.8896 3.12019
7.37141 31.9746
7.35185 8.25047
13.6656 14.4369
9.44172 28.8997
8.43343 18.5706
9.4427 0.0079273
15.7752 1.03221
0.00802195 7.22893
15.7706 6.19987
7.3501 19.589
12.6334 29.9077
31.9981 13.4178
11.5718 19.6073
6.31016 15.4696
2.10313 17.5204
2.1187 29.9251
6.31986 29.9273
4.22131 26.8341
8.40796 30.9372
14.6912 9.29556
14.7146 26.8328
28.9573 12.3904
12.6014 19.5882
11.5589 18.5669
14.7139 21.664
16.7923 13.4118
31.9945 3.09206
5.26761 17.5141
6.30611 29.9291
8.4338 25.7828
15.7449 6.20902
7.36856 27.8647
4.23296 26.8306
8.43728 24.741
3.16989 6.20593
12.6256 12.3765
11.5716 19.6073
0.0194805 0.0103166
10.5058 8.26706
13.6676 9.27477
4.21868 14.4439
31.9873 8.26294
21.8528 12.3625
8.42362 14.4417
6.30452 20.623
0.0269775 1.03694
1.05639 13.3926
15.7674 16.5083
7.37838 22.6885
3.16155 4.12666
11.5416 11.351
9.44217 0.00677478
7.34743 30.9647
15.7352 30.9613
29.9658 24.7515
8.41656 28.8749
13.6804 1.05548
9.46126 22.6854
13.6823 17.5372
19.8347 0.0285463
0.0320867 3.11803
31.9906 2.07243
14.7027 14.427
5.28278 20.635
5.26714 24.7548
26.9198 31.9784
21.8553 8.26314
20.8376 25.7969
23.88 12.3685
31.9911 3.10382
9.45285 17.5336
5.28095 18.5548
9.45479 13.421
3.15764 16.4942
3.18177 11.3472
3.18371 30.9364
1.05264 12.3652
6.32153 23.7295
13.6594 26.8353
29.9683 21.6691
24.8943 17.5142
11.5839 0.0225391
7.34845 16.4816
2.10249 11.3332
6.30025 25.7955
15.7382 3.09536
15.7619 20.636
3.16933 9.29441
25.9097 23.7242
10.5316 1.0313
27.9398 31.9954
13.6743 17.5284
0.0462946 6.1966
15.7541 26.8358
26.9209 28.8861
10.4888 22.6935
8.40997 16.4913
24.8999 16.4958
4.20986 28.9017
15.7416 0.00834405
13.6352 2.06654
15.7592 12.3668
12.6008 11.333
0.0339524 7.22261
7.38515 6.20638
15.7435 0.0246646
23.8853 2.06544
13.6803 16.4976
7.34179 21.6445
29.9654 5.17981
9.46091 14.4473
6.32382 23.7387
8.4158 17.5348
13.6616 25.7861
4.22552 2.08506
15.7465 30.9553
8.39808 19.5788
10.5191 28.8977
2.12677 19.597
0.0253199 22.6937
14.7137 2.0757
1.07907 18.5768
10.5081 8.24522
2.11364 17.5226
11.5595 0.0181156
6.32196 9.27541
10.496 5.18049
10.5137 29.9277
2.13367 9.27118
28.9584 8.25891
15.764 12.3803
6.31192 29.9068
10.5162 15.4813
16.7844 10.3162
9.48545 20.639
5.28157 7.2314
9.45848 29.9036
2.11479 1.04529
2.09986 3.11976
5.28613 17.5209
23.8902 20.6192
10.4999 10.3042
12.5941 2.0661
20.8473 7.23964
25.9111 3.09447
27.9426 15.4629
3.17892 21.6437
1.09018 21.6549
3.17624 2.07078
22.8647 18.5596
7.36346 30.9374
12.6232 10.3248
7.36518 2.06513
29.9615 18.5491
14.712 24.7587
6.32397 30.9501
13.6763 5.15078
6.34074 8.2508
6.29375 6.20729
17.8033 27.8451
2.11914 21.66
14.7289 19.5873
19.8291 27.8484
10.522 15.4699
19.8302 27.8696
22.875 1.04237
0.0467215 16.5096
2.14348 6.2037
23.8894 10.3029
25.9063 16.5122
13.6659 23.7099
25.9106 23.7119
1.08622 12.3763
24.8975 21.6442
24.8945 7.22777
2.11607 20.6431
10.5254 21.6568
20.845 1.04093
11.5853 31.9699
3.17569 26.831
15.7552 14.4337
1.05527 6.20383
1.09725 15.4684
6.30282 0.0100225
13.6614 10.3309
28.9533 27.8533
9.46727 19.5948
17.8006 17.5418
18.8202 0.0281836
22.8669 20.6157
11.5723 4.13175
6.33821 25.7911
6.32903 14.4358
4.1993 0.00642657
5.24485 20.6303
12.6001 9.30078
13.6638 0.00178921
3.17747 6.19921
8.41044 29.9061
11.5786 1.03627
31.9994 19.5814
10.5106 17.5191
25.9138 31.9776
3.17075 20.6409
6.31988 15.4788
14.6862 23.7237
2.12954 9.29384
3.17498 24.7655
5.27114 4.12163
7.36197 23.7176
10.4886 27.8589
15.7612 23.7254
30.9726 1.04622
14.7036 18.5688
10.5134 22.6999
9.44055 1.04014
4.20469 1.04253
28.9474 23.7226
29.9614 9.28333
1.06604 24.7719
22.8692 0.0245553
8.43791 15.4674
9.46499 12.373
14.7179 31.9812
14.7093 28.8839
16.7812 17.515